6.525000000000000000e+03 2.536647790004454718e-05
6.526000000000000000e+03 2.618498697989651863e-05
6.527000000000000000e+03 2.700316285431383779e-05
6.528000000000000000e+03 2.782124863910323686e-05
6.529000000000000000e+03 2.863877354561196711e-05
6.530000000000000000e+03 2.945596519696956820e-05
6.531000000000000000e+03 3.027280738675558767e-05
6.531804199218750000e+03 3.092947345400169293e-05
6.532000000000000000e+03 3.122263496018508479e-05
6.533000000000000000e+03 3.271951322474374617e-05
6.534000000000000000e+03 3.421578553566439909e-05
6.535000000000000000e+03 3.571145569392134939e-05
6.536000000000000000e+03 3.720683824397160610e-05
6.537000000000000000e+03 3.870130653167040203e-05
6.538000000000000000e+03 4.019517350220257212e-05
6.539000000000000000e+03 4.168843116253802332e-05
6.540000000000000000e+03 4.318108362140281033e-05
6.541000000000000000e+03 4.467310735406807633e-05
6.541806640625000000e+03 4.587618854477433592e-05
6.542000000000000000e+03 4.624661354521128373e-05
6.543000000000000000e+03 4.816188224299301844e-05
6.544000000000000000e+03 5.007637750848179046e-05
6.545000000000000000e+03 5.199008939349578833e-05
6.546000000000000000e+03 5.390348907352603743e-05
6.547000000000000000e+03 5.581566689096595965e-05
6.548000000000000000e+03 5.772706121946862690e-05
6.549000000000000000e+03 5.963767777020585650e-05
6.550000000000000000e+03 6.154752304178341302e-05
6.551000000000000000e+03 6.345655476899483187e-05
6.551809570312500000e+03 6.500147949800924715e-05
6.552000000000000000e+03 6.559079815427535222e-05
6.553000000000000000e+03 6.868473304406289123e-05
6.554000000000000000e+03 7.177740021122336084e-05
6.555000000000000000e+03 7.486880667300746029e-05
6.556000000000000000e+03 7.795963493718813004e-05
6.557000000000000000e+03 8.104854783311466132e-05
6.558000000000000000e+03 8.413620080866991290e-05
6.559000000000000000e+03 8.722260310942034182e-05
6.560000000000000000e+03 9.030773735651536510e-05
6.561000000000000000e+03 9.339153839576257090e-05
6.561812011718750000e+03 9.589469925409779447e-05
6.562000000000000000e+03 9.680267744940809337e-05
6.563000000000000000e+03 1.016314655813589781e-04
6.564000000000000000e+03 1.064582770361142261e-04
6.565000000000000000e+03 1.112831236914559068e-04
6.566000000000000000e+03 1.161069879192902678e-04
6.567000000000000000e+03 1.209279140766048158e-04
6.568000000000000000e+03 1.257468781630815440e-04
6.569000000000000000e+03 1.305638551922750040e-04
6.570000000000000000e+03 1.353788580354444435e-04
6.571000000000000000e+03 1.401917677979828936e-04
6.571814941406250000e+03 1.441125297078462764e-04
6.572000000000000000e+03 1.454297294703531880e-04
6.573000000000000000e+03 1.525457382829783148e-04
6.574000000000000000e+03 1.596588349409081822e-04
6.575000000000000000e+03 1.667689879099674272e-04
6.576000000000000000e+03 1.738762135259399851e-04
6.577000000000000000e+03 1.809805310552451264e-04
6.578000000000000000e+03 1.880835320653852889e-04
6.579000000000000000e+03 1.951820415619728464e-04
6.580000000000000000e+03 2.022776470146697616e-04
6.581000000000000000e+03 2.093701102667023270e-04
6.581817382812500000e+03 2.151651863107492896e-04
6.582000000000000000e+03 2.173159351549714064e-04
6.583000000000000000e+03 2.290904413264728339e-04
6.584000000000000000e+03 2.408600551705096483e-04
6.585000000000000000e+03 2.526248001200059076e-04
6.586000000000000000e+03 2.643847044597455237e-04
6.587000000000000000e+03 2.761397159644497345e-04
6.588000000000000000e+03 2.878898617062749057e-04
6.589000000000000000e+03 2.996351736039756775e-04
6.590000000000000000e+03 3.113755921617343265e-04
6.591000000000000000e+03 3.231136853324733695e-04
6.591820312500000000e+03 3.327367632313232826e-04
6.592000000000000000e+03 3.364154282378607644e-04
6.593000000000000000e+03 3.568829490886457709e-04
6.594000000000000000e+03 3.773419684569763476e-04
6.595000000000000000e+03 3.977925291721088035e-04
6.596000000000000000e+03 4.182345531847834292e-04
6.597000000000000000e+03 4.386680812151712750e-04
6.598000000000000000e+03 4.590931624129221855e-04
6.599000000000000000e+03 4.795097060834253768e-04
6.600000000000000000e+03 4.999177592695440518e-04
6.601000000000000000e+03 5.203168854681356056e-04
6.601822753906250000e+03 5.370939110687981922e-04
6.602000000000000000e+03 5.432945939918848053e-04
6.603000000000000000e+03 5.782694653299853349e-04
6.604000000000000000e+03 6.132297986895256150e-04
6.605000000000000000e+03 6.481810870020087399e-04
6.606000000000000000e+03 6.831124705068553071e-04
6.607000000000000000e+03 7.180293362419654969e-04
6.608000000000000000e+03 7.529315429365498634e-04
6.609000000000000000e+03 7.878191641793462659e-04
6.610000000000000000e+03 8.226922879561285361e-04
6.611000000000000000e+03 8.575503458502186900e-04
6.611825683593750000e+03 8.863210612020141869e-04
6.612000000000000000e+03 8.970886124235141236e-04
6.613000000000000000e+03 9.588436830087229516e-04
6.614000000000000000e+03 1.020572808334537949e-03
6.615000000000000000e+03 1.082276086527653820e-03
6.616000000000000000e+03 1.143953641178428781e-03
6.617000000000000000e+03 1.205605248369273933e-03
6.618000000000000000e+03 1.267231025326375719e-03
6.619000000000000000e+03 1.328831114711578063e-03
6.620000000000000000e+03 1.390405254450295192e-03
6.621000000000000000e+03 1.451953347306719809e-03
6.621828125000000000e+03 1.502914221054833452e-03
6.622000000000000000e+03 1.522525177080678296e-03
6.623000000000000000e+03 1.636584093315183877e-03
6.624000000000000000e+03 1.750595200947476730e-03
6.625000000000000000e+03 1.864558702716281099e-03
6.626000000000000000e+03 1.978474236205778058e-03
6.627000000000000000e+03 2.092341992393427583e-03
6.628000000000000000e+03 2.206162209262813468e-03
6.629000000000000000e+03 2.319934453882421723e-03
6.630000000000000000e+03 2.433658952487520715e-03
6.631000000000000000e+03 2.547236049435622728e-03
6.631831054687500000e+03 2.641581524068746349e-03
6.632000000000000000e+03 2.678780857604158225e-03
6.633000000000000000e+03 2.898902419001014950e-03
6.634000000000000000e+03 3.118914671686659826e-03
6.635000000000000000e+03 3.338817025906814021e-03
6.636000000000000000e+03 3.558609811741975625e-03
6.637000000000000000e+03 3.778293450022474857e-03
6.638000000000000000e+03 3.997867214842397779e-03
6.639000000000000000e+03 4.217331504346358458e-03
6.640000000000000000e+03 4.436686807307382852e-03
6.641000000000000000e+03 4.655928558934403251e-03
6.641833496093750000e+03 4.838581854973033128e-03
6.642000000000000000e+03 4.911321372956912491e-03
6.643000000000000000e+03 5.348104654960991050e-03
6.644000000000000000e+03 5.784626550066211507e-03
6.645000000000000000e+03 6.220930194604465738e-03
6.646000000000000000e+03 6.657016337603272570e-03
6.647000000000000000e+03 7.092883712243174509e-03
6.648000000000000000e+03 7.528533022510911984e-03
6.649000000000000000e+03 7.963965152327334707e-03
6.650000000000000000e+03 8.399178564917852280e-03
6.651000000000000000e+03 8.834167154502544847e-03
6.651836425781250000e+03 9.197835804788940042e-03
6.652000000000000000e+03 9.343866234141490201e-03
6.653000000000000000e+03 1.023635195921271737e-02
6.654000000000000000e+03 1.112838993664160697e-02
6.655000000000000000e+03 1.201998153498396935e-02
6.656000000000000000e+03 1.291112449285487969e-02
6.657000000000000000e+03 1.380182008670504702e-02
6.658000000000000000e+03 1.469206996093379118e-02
6.659000000000000000e+03 1.558187130212155581e-02
6.660000000000000000e+03 1.647122566268674135e-02
6.661000000000000000e+03 1.736012098147354105e-02
6.661838867187500000e+03 1.810543900993739214e-02
6.662000000000000000e+03 1.839595973025589040e-02
6.663000000000000000e+03 2.019842184484765824e-02
6.664000000000000000e+03 2.199997854113092122e-02
6.665000000000000000e+03 2.380062572301084103e-02
6.666000000000000000e+03 2.560036573611659816e-02
6.667000000000000000e+03 2.739920166970389800e-02
6.668000000000000000e+03 2.919712831200963615e-02
6.669000000000000000e+03 3.099414856639455193e-02
6.670000000000000000e+03 3.279026607883874650e-02
6.671000000000000000e+03 3.458545813298066762e-02
6.671841796875000000e+03 3.609620538784973076e-02
6.672000000000000000e+03 3.663196586046067738e-02
6.673000000000000000e+03 4.001720225527997249e-02
6.674000000000000000e+03 4.340072571227620440e-02
6.675000000000000000e+03 4.678254050589118057e-02
6.676000000000000000e+03 5.016265230818450077e-02
6.677000000000000000e+03 5.354105159918370882e-02
6.678000000000000000e+03 5.691774370156497259e-02
6.679000000000000000e+03 6.029273533372396521e-02
6.680000000000000000e+03 6.366601488167662748e-02
6.681000000000000000e+03 6.703756773898726651e-02
6.681844238281250000e+03 6.988263866257503343e-02
6.682000000000000000e+03 7.069253368113129210e-02
6.683000000000000000e+03 7.589058288057687340e-02
6.684000000000000000e+03 8.108600166957363742e-02
6.685000000000000000e+03 8.627879971880499099e-02
6.686000000000000000e+03 9.146896049874569945e-02
6.687000000000000000e+03 9.665650312779754116e-02
6.688000000000000000e+03 1.018414089306905052e-01
6.689000000000000000e+03 1.070236881138758034e-01
6.690000000000000000e+03 1.122033530266686729e-01
6.691000000000000000e+03 1.173803628511990299e-01
6.691847167968750000e+03 1.217641050415335519e-01
6.692000000000000000e+03 1.226660978322630796e-01
6.693000000000000000e+03 1.285662426601121011e-01
6.694000000000000000e+03 1.344633820461705320e-01
6.695000000000000000e+03 1.403575295279023416e-01
6.696000000000000000e+03 1.462487010805723076e-01
6.697000000000000000e+03 1.521368679549778558e-01
6.698000000000000000e+03 1.580220455169680516e-01
6.699000000000000000e+03 1.639042515668673039e-01
6.700000000000000000e+03 1.697834537029980773e-01
6.701000000000000000e+03 1.756596124453268237e-01
6.701849609375000000e+03 1.806497187902438017e-01
6.702000000000000000e+03 1.813174718979744804e-01
6.703000000000000000e+03 1.857562759379179640e-01
6.704000000000000000e+03 1.901928171257837030e-01
6.705000000000000000e+03 1.946271162314959502e-01
6.706000000000000000e+03 1.990591341402213332e-01
6.707000000000000000e+03 2.034888911628389141e-01
6.708000000000000000e+03 2.079164094439904520e-01
6.709000000000000000e+03 2.123416471176187981e-01
6.710000000000000000e+03 2.167646258699495454e-01
6.711000000000000000e+03 2.211853335251666441e-01
6.711852539062500000e+03 2.249523564367670592e-01
6.712000000000000000e+03 2.252490232000069481e-01
6.713000000000000000e+03 2.272602604348139543e-01
6.714000000000000000e+03 2.292704833814418752e-01
6.715000000000000000e+03 2.312796451496864358e-01
6.716000000000000000e+03 2.332877695334188151e-01
6.717000000000000000e+03 2.352948811595167167e-01
6.718000000000000000e+03 2.373009318879974183e-01
6.719000000000000000e+03 2.393059461374972274e-01
6.720000000000000000e+03 2.413099491585062872e-01
6.721000000000000000e+03 2.433127783467965155e-01
6.721854980468750000e+03 2.450243354934399931e-01
6.722000000000000000e+03 2.450773908956181968e-01
6.723000000000000000e+03 2.454431486098929971e-01
6.724000000000000000e+03 2.458086754254232842e-01
6.725000000000000000e+03 2.461740221980914800e-01
6.726000000000000000e+03 2.465391381178225205e-01
6.727000000000000000e+03 2.469040486624736463e-01
6.728000000000000000e+03 2.472687794635236302e-01
6.729000000000000000e+03 2.476332794804102233e-01
6.730000000000000000e+03 2.479975743062079185e-01
6.731000000000000000e+03 2.483615669989407415e-01
6.731857910156250000e+03 2.486736542963490226e-01
6.732000000000000000e+03 2.486495018498629250e-01
6.733000000000000000e+03 2.484795597952910440e-01
6.734000000000000000e+03 2.483097100419810466e-01
6.735000000000000000e+03 2.481399011918369035e-01
6.736000000000000000e+03 2.479701589259079852e-01
6.737000000000000000e+03 2.478005088576836767e-01
6.738000000000000000e+03 2.476308996904224013e-01
6.739000000000000000e+03 2.474613570545022290e-01
6.740000000000000000e+03 2.472919065128125204e-01
6.741000000000000000e+03 2.471224217164789683e-01
6.741860351562500000e+03 2.469766584867940651e-01
6.742000000000000000e+03 2.469454022870917476e-01
6.743000000000000000e+03 2.467216609518569637e-01
6.744000000000000000e+03 2.464979883973121844e-01
6.745000000000000000e+03 2.462744101436995514e-01
6.746000000000000000e+03 2.460509516213854886e-01
6.747000000000000000e+03 2.458275618699375109e-01
6.748000000000000000e+03 2.456042663421892924e-01
6.749000000000000000e+03 2.453810904012024285e-01
6.750000000000000000e+03 2.451579832212245347e-01
6.751000000000000000e+03 2.449348886841266337e-01
6.751863281250000000e+03 2.447423930289381322e-01
6.752000000000000000e+03 2.447267709587010454e-01
6.753000000000000000e+03 2.446125033086887224e-01
6.754000000000000000e+03 2.444982742889740823e-01
6.755000000000000000e+03 2.443841091796116471e-01
6.756000000000000000e+03 2.442699573807184110e-01
6.757000000000000000e+03 2.441558441835097182e-01
6.758000000000000000e+03 2.440417948345948995e-01
6.759000000000000000e+03 2.439277588010072273e-01
6.760000000000000000e+03 2.438137613405063631e-01
6.761000000000000000e+03 2.436997905805674547e-01
6.761865722656250000e+03 2.436011328281743049e-01
6.762000000000000000e+03 2.435934883623314950e-01
6.763000000000000000e+03 2.435365632564263638e-01
6.764000000000000000e+03 2.434796727252318271e-01
6.765000000000000000e+03 2.434227663587024137e-01
6.766000000000000000e+03 2.433658945544296404e-01
6.767000000000000000e+03 2.433090069232999864e-01
6.768000000000000000e+03 2.432521286609946598e-01
6.769000000000000000e+03 2.431931701792072742e-01
6.770000000000000000e+03 2.431363110856158971e-01
6.771000000000000000e+03 2.430793850326408989e-01
6.771868652343750000e+03 2.430299655637841727e-01
6.772000000000000000e+03 2.430262173582592722e-01
6.773000000000000000e+03 2.429976527578661949e-01
6.774000000000000000e+03 2.429690830052160244e-01
6.775000000000000000e+03 2.429405332571025200e-01
6.776000000000000000e+03 2.429119532074277832e-01
6.777000000000000000e+03 2.428833680152860108e-01
6.778000000000000000e+03 2.428548028305581308e-01
6.779000000000000000e+03 2.428262073609630811e-01
6.780000000000000000e+03 2.427976067586838371e-01
6.781000000000000000e+03 2.427689452864447983e-01
6.781871093750000000e+03 2.427439523885976391e-01
6.782000000000000000e+03 2.427408673831752406e-01
6.783000000000000000e+03 2.427169309540439801e-01
6.784000000000000000e+03 2.426930121040318522e-01
6.785000000000000000e+03 2.426690605677048751e-01
6.786000000000000000e+03 2.426451014846636167e-01
6.787000000000000000e+03 2.426211599872075964e-01
6.788000000000000000e+03 2.425971858208500198e-01
6.789000000000000000e+03 2.425732041197145306e-01
6.790000000000000000e+03 2.425492400106136204e-01
6.791000000000000000e+03 2.425251693465080849e-01
6.791874023437500000e+03 2.425041468227819852e-01
6.792000000000000000e+03 2.425002691060764715e-01
6.793000000000000000e+03 2.424694604540009735e-01
6.794000000000000000e+03 2.424386477584754840e-01
6.795000000000000000e+03 2.424078561339243210e-01
6.796000000000000000e+03 2.423770353578446890e-01
6.797000000000000000e+03 2.423462105471959616e-01
6.798000000000000000e+03 2.423154068087863267e-01
6.799000000000000000e+03 2.422845739353365335e-01
6.800000000000000000e+03 2.422537370361915743e-01
6.801000000000000000e+03 2.422208500477010251e-01
6.801876464843750000e+03 2.421938482973787776e-01
6.802000000000000000e+03 2.421995508071540237e-01
6.803000000000000000e+03 2.422456873049762260e-01
6.804000000000000000e+03 2.422918052530845245e-01
6.805000000000000000e+03 2.423378544604196105e-01
6.806000000000000000e+03 2.423838600417110023e-01
6.807000000000000000e+03 2.424298471333852512e-01
6.808000000000000000e+03 2.424757655118235100e-01
6.809000000000000000e+03 2.425216403080276417e-01
6.810000000000000000e+03 2.425674966746452221e-01
6.811000000000000000e+03 2.426132843555749707e-01
6.811879394531250000e+03 2.426535138126610092e-01
6.812000000000000000e+03 2.426601746095545242e-01
6.813000000000000000e+03 2.427154006206523607e-01
6.814000000000000000e+03 2.427705530770515041e-01
6.815000000000000000e+03 2.428256571437445444e-01
6.816000000000000000e+03 2.428807380112034953e-01
6.817000000000000000e+03 2.429357453529031319e-01
6.818000000000000000e+03 2.429907295401102230e-01
6.819000000000000000e+03 2.430456402208555355e-01
6.820000000000000000e+03 2.431005025919574791e-01
6.821000000000000000e+03 2.431553418756204898e-01
6.821882324218750000e+03 2.432036655785243251e-01
6.822000000000000000e+03 2.432175430434279084e-01
6.823000000000000000e+03 2.433354275271551181e-01
6.824000000000000000e+03 2.434532564278650557e-01
6.825000000000000000e+03 2.435688581443981870e-01
6.826000000000000000e+03 2.436864991715636808e-01
6.827000000000000000e+03 2.438040847316614579e-01
6.828000000000000000e+03 2.439215643078466444e-01
6.829000000000000000e+03 2.440389631904625600e-01
6.830000000000000000e+03 2.441563067211960092e-01
6.831000000000000000e+03 2.442791962908712755e-01
6.831884765625000000e+03 2.443878624004177658e-01
6.832000000000000000e+03 2.444031756720851656e-01
6.833000000000000000e+03 2.445360447470714127e-01
6.834000000000000000e+03 2.446688089865360627e-01
6.835000000000000000e+03 2.448014937553296133e-01
6.836000000000000000e+03 2.449341244760041836e-01
6.837000000000000000e+03 2.450666503832504006e-01
6.838000000000000000e+03 2.451990968851975039e-01
6.839000000000000000e+03 2.453314894475872865e-01
6.840000000000000000e+03 2.454637772186746836e-01
6.841000000000000000e+03 2.455959856498007021e-01
6.841887695312500000e+03 2.457133026203640325e-01
6.842000000000000000e+03 2.457274132943079170e-01
6.843000000000000000e+03 2.458529917524652220e-01
6.844000000000000000e+03 2.459785194922899931e-01
6.845000000000000000e+03 2.461018011620028090e-01
6.846000000000000000e+03 2.462271498503065814e-01
6.847000000000000000e+03 2.463524479248046239e-01
6.848000000000000000e+03 2.464776443093183445e-01
6.849000000000000000e+03 2.466027645665474499e-01
6.850000000000000000e+03 2.467278343137960239e-01
6.851000000000000000e+03 2.468528023929620896e-01
6.851890136718750000e+03 2.469639770798118528e-01
6.852000000000000000e+03 2.469771023600341453e-01
6.853000000000000000e+03 2.470965564249583968e-01
6.854000000000000000e+03 2.472159113778600592e-01
6.855000000000000000e+03 2.473351928625704410e-01
6.856000000000000000e+03 2.474544265751180971e-01
6.857000000000000000e+03 2.475735611973209904e-01
6.858000000000000000e+03 2.476926224121608622e-01
6.859000000000000000e+03 2.478116359547342384e-01
6.860000000000000000e+03 2.479305504286706541e-01
6.861000000000000000e+03 2.480493110142746316e-01
6.861892578125000000e+03 2.481533442670780520e-01
6.862000000000000000e+03 2.481586507164615096e-01
6.863000000000000000e+03 2.482101632687842285e-01
6.864000000000000000e+03 2.482616598418559417e-01
6.865000000000000000e+03 2.483130889235891925e-01
6.866000000000000000e+03 2.483644762852010301e-01
6.867000000000000000e+03 2.484158477219437500e-01
6.868000000000000000e+03 2.484671516856675477e-01
6.869000000000000000e+03 2.485184139656168578e-01
6.870000000000000000e+03 2.485696603750238431e-01
6.871000000000000000e+03 2.486208013246984372e-01
6.871895507812500000e+03 2.486665630813103267e-01
6.872000000000000000e+03 2.486692214517719213e-01
6.873000000000000000e+03 2.486946718017397084e-01
6.874000000000000000e+03 2.487200667933186504e-01
6.875000000000000000e+03 2.487454322482956504e-01
6.876000000000000000e+03 2.487707940016964936e-01
6.877000000000000000e+03 2.487961004137148602e-01
6.878000000000000000e+03 2.488192073736849030e-01
6.879000000000000000e+03 2.488444803343340672e-01
6.880000000000000000e+03 2.488696979708610035e-01
6.881000000000000000e+03 2.488948310840697342e-01
6.881898437500000000e+03 2.489173632451588125e-01
6.882000000000000000e+03 2.489115188887652541e-01
6.883000000000000000e+03 2.488539797297618372e-01
6.884000000000000000e+03 2.487964759782851365e-01
6.885000000000000000e+03 2.487389559592158572e-01
6.886000000000000000e+03 2.486814455110342159e-01
6.887000000000000000e+03 2.486239704510342929e-01
6.888000000000000000e+03 2.485664791358761228e-01
6.889000000000000000e+03 2.485089973881502157e-01
6.890000000000000000e+03 2.484515510092681623e-01
6.891000000000000000e+03 2.483941287648668839e-01
6.891900878906250000e+03 2.483404546338847108e-01
6.892000000000000000e+03 2.483338757794792129e-01
6.893000000000000000e+03 2.482697032585711727e-01
6.894000000000000000e+03 2.482055177052213402e-01
6.895000000000000000e+03 2.481413449093656520e-01
6.896000000000000000e+03 2.480772106369741881e-01
6.897000000000000000e+03 2.480130633441690047e-01
6.898000000000000000e+03 2.479489288029104732e-01
6.899000000000000000e+03 2.478848327612073188e-01
6.900000000000000000e+03 2.478207237111107464e-01
6.901000000000000000e+03 2.477567079873897737e-01
6.901903808593750000e+03 2.476988842173384608e-01
6.902000000000000000e+03 2.476872454527143386e-01
6.903000000000000000e+03 2.475662455622026636e-01
6.904000000000000000e+03 2.474452853121389961e-01
6.905000000000000000e+03 2.473243903893680984e-01
6.906000000000000000e+03 2.472013519324587072e-01
6.907000000000000000e+03 2.470805372083190177e-01
6.908000000000000000e+03 2.469597364046003385e-01
6.909000000000000000e+03 2.468389751962667411e-01
6.910000000000000000e+03 2.467182792107729117e-01
6.911000000000000000e+03 2.465977127901681498e-01
6.911906250000000000e+03 2.464884835603742275e-01
6.912000000000000000e+03 2.464769747074130046e-01
6.913000000000000000e+03 2.463542613668731063e-01
6.914000000000000000e+03 2.462315629231471015e-01
6.915000000000000000e+03 2.461089049797312578e-01
6.916000000000000000e+03 2.459863130918099328e-01
6.917000000000000000e+03 2.458637361094234419e-01
6.918000000000000000e+03 2.457411995998321497e-01
6.919000000000000000e+03 2.456165847166103255e-01
6.920000000000000000e+03 2.454941301259984110e-01
6.921000000000000000e+03 2.453718612906342633e-01
6.921909179687500000e+03 2.452607087494297067e-01
6.922000000000000000e+03 2.452499006973293261e-01
6.923000000000000000e+03 2.451309170662117898e-01
6.924000000000000000e+03 2.450119976897613405e-01
6.925000000000000000e+03 2.448930916102581845e-01
6.926000000000000000e+03 2.447742242993297401e-01
6.927000000000000000e+03 2.446554211818389724e-01
6.928000000000000000e+03 2.445366313702196648e-01
6.929000000000000000e+03 2.444178803010238765e-01
6.930000000000000000e+03 2.442991933640797642e-01
6.931000000000000000e+03 2.441783498261738961e-01
6.931911621093750000e+03 2.440701649951647900e-01
6.932000000000000000e+03 2.440601322498633929e-01
6.933000000000000000e+03 2.439466576951613286e-01
6.934000000000000000e+03 2.438331940756792993e-01
6.935000000000000000e+03 2.437197667585622451e-01
6.936000000000000000e+03 2.436064010664304724e-01
6.937000000000000000e+03 2.434930463186365801e-01
6.938000000000000000e+03 2.433797278489303606e-01
6.939000000000000000e+03 2.432664709465752750e-01
6.940000000000000000e+03 2.431532249976586513e-01
6.941000000000000000e+03 2.430399361265632718e-01
6.941914550781250000e+03 2.429363825985100256e-01
6.942000000000000000e+03 2.429286086559245550e-01
6.943000000000000000e+03 2.428354985961577728e-01
6.944000000000000000e+03 2.427445617652967680e-01
6.945000000000000000e+03 2.426536254628278433e-01
6.946000000000000000e+03 2.425627149387675763e-01
6.947000000000000000e+03 2.424718554079519361e-01
6.948000000000000000e+03 2.423809964157623287e-01
6.949000000000000000e+03 2.422901631858281057e-01
6.950000000000000000e+03 2.421993809066259051e-01
6.951000000000000000e+03 2.421085968555370393e-01
6.951916992187500000e+03 2.420253712205486796e-01
6.952000000000000000e+03 2.420173377720342134e-01
6.953000000000000000e+03 2.419205989959483383e-01
6.954000000000000000e+03 2.418217504092211034e-01
6.955000000000000000e+03 2.417250444204520343e-01
6.956000000000000000e+03 2.416283921478536989e-01
6.957000000000000000e+03 2.415317432986461010e-01
6.958000000000000000e+03 2.414351481345871353e-01
6.959000000000000000e+03 2.413385564004844608e-01
6.960000000000000000e+03 2.412419932194597161e-01
6.961000000000000000e+03 2.411456039244771199e-01
6.961919921875000000e+03 2.410569353404674320e-01
6.962000000000000000e+03 2.410515519336922929e-01
6.963000000000000000e+03 2.409843329284345192e-01
6.964000000000000000e+03 2.409171536719789397e-01
6.965000000000000000e+03 2.408478586772733743e-01
6.966000000000000000e+03 2.407806842268743197e-01
6.967000000000000000e+03 2.407135494986268054e-01
6.968000000000000000e+03 2.406464043819086240e-01
6.969000000000000000e+03 2.405792739314231710e-01
6.970000000000000000e+03 2.405121831765525409e-01
6.971000000000000000e+03 2.404452342847082091e-01
6.971922363281250000e+03 2.403834960166217338e-01
6.972000000000000000e+03 2.403764689863533421e-01
6.973000000000000000e+03 2.402859961583227177e-01
6.974000000000000000e+03 2.401955240065358765e-01
6.975000000000000000e+03 2.401050775447169661e-01
6.976000000000000000e+03 2.400125830917100578e-01
6.977000000000000000e+03 2.399221887203624726e-01
6.978000000000000000e+03 2.398318449892576087e-01
6.979000000000000000e+03 2.397415019512088852e-01
6.980000000000000000e+03 2.396511845761500059e-01
6.981000000000000000e+03 2.395609568837477887e-01
6.981925292968750000e+03 2.394774695751269167e-01
6.982000000000000000e+03 2.394712669512261694e-01
6.983000000000000000e+03 2.393882529246788293e-01
6.984000000000000000e+03 2.393052860412310245e-01
6.985000000000000000e+03 2.392223164571452010e-01
6.986000000000000000e+03 2.391372775190793165e-01
6.987000000000000000e+03 2.390543779296762650e-01
6.988000000000000000e+03 2.389714756500251058e-01
6.989000000000000000e+03 2.388885955753299595e-01
6.990000000000000000e+03 2.388057625688830843e-01
6.991000000000000000e+03 2.387229268827252560e-01
6.991927734375000000e+03 2.386460972132695979e-01
6.992000000000000000e+03 2.386428314470870615e-01
6.993000000000000000e+03 2.385976675365163169e-01
6.994000000000000000e+03 2.385524832210270119e-01
6.995000000000000000e+03 2.385073033528261055e-01
6.996000000000000000e+03 2.384600665537354169e-01
6.997000000000000000e+03 2.384148959168269633e-01
6.998000000000000000e+03 2.383697545552936892e-01
6.999000000000000000e+03 2.383245928096380528e-01
7.000000000000000000e+03 2.382794355117997531e-01
7.001000000000000000e+03 2.382211341383818071e-01
7.001930664062500000e+03 2.381668579512850326e-01
7.002000000000000000e+03 2.381605014378506135e-01
7.003000000000000000e+03 2.380688383039461231e-01
7.004000000000000000e+03 2.379772259637621679e-01
7.005000000000000000e+03 2.378856148214223143e-01
7.006000000000000000e+03 2.377940296712154067e-01
7.007000000000000000e+03 2.377004150857545128e-01
7.008000000000000000e+03 2.376088826411690003e-01
7.009000000000000000e+03 2.375174009186902802e-01
7.010000000000000000e+03 2.374259204113408073e-01
7.011000000000000000e+03 2.373345023561019285e-01
7.011933105468750000e+03 2.372492461256561214e-01
7.012000000000000000e+03 2.372357445177638580e-01
7.013000000000000000e+03 2.370339337229286358e-01
7.014000000000000000e+03 2.368322132313919748e-01
7.015000000000000000e+03 2.366306076774964406e-01
7.016000000000000000e+03 2.364269981531916809e-01
7.017000000000000000e+03 2.362255501193146479e-01
7.018000000000000000e+03 2.360242168908898708e-01
7.019000000000000000e+03 2.358229492305121133e-01
7.020000000000000000e+03 2.356217717318437876e-01
7.021000000000000000e+03 2.354208989948581299e-01
7.021936035156250000e+03 2.352329334384443971e-01
7.022000000000000000e+03 2.351892963857813712e-01
7.023000000000000000e+03 2.345072894691910270e-01
7.024000000000000000e+03 2.338256767478248954e-01
7.025000000000000000e+03 2.331444093065401790e-01
7.026000000000000000e+03 2.324615003280839642e-01
7.027000000000000000e+03 2.317809778605810778e-01
7.028000000000000000e+03 2.311008248070875737e-01
7.029000000000000000e+03 2.304210650859550014e-01
7.030000000000000000e+03 2.297416504853072028e-01
7.031000000000000000e+03 2.290545798700847624e-01
7.031938476562500000e+03 2.284101811814149285e-01
7.032000000000000000e+03 2.283066999966347488e-01
7.033000000000000000e+03 2.266252619110876720e-01
7.034000000000000000e+03 2.249448892541679457e-01
7.035000000000000000e+03 2.232636496141626459e-01
7.036000000000000000e+03 2.215854212158728798e-01
7.037000000000000000e+03 2.199082571668007358e-01
7.038000000000000000e+03 2.182321798650855016e-01
7.039000000000000000e+03 2.165571432699704146e-01
7.040000000000000000e+03 2.148831699539117956e-01
7.041000000000000000e+03 2.132103494772328023e-01
7.041941406250000000e+03 2.116364947728244517e-01
7.042000000000000000e+03 2.114534970570755013e-01
7.043000000000000000e+03 2.083313991014603406e-01
7.044000000000000000e+03 2.052113305208829730e-01
7.045000000000000000e+03 2.020914771265739651e-01
7.046000000000000000e+03 1.989754487476551315e-01
7.047000000000000000e+03 1.958614052261782035e-01
7.048000000000000000e+03 1.927493669634359197e-01
7.049000000000000000e+03 1.896393530643138703e-01
7.050000000000000000e+03 1.865313229717111554e-01
7.051000000000000000e+03 1.834252978798237288e-01
7.051943847656250000e+03 1.804955381492540922e-01
7.052000000000000000e+03 1.802542669529394459e-01
7.053000000000000000e+03 1.759589915519245706e-01
7.054000000000000000e+03 1.716649925847573699e-01
7.055000000000000000e+03 1.673753325446002416e-01
7.056000000000000000e+03 1.630884333452417845e-01
7.057000000000000000e+03 1.588043119573423201e-01
7.058000000000000000e+03 1.545229835652835726e-01
7.059000000000000000e+03 1.502444145453428193e-01
7.060000000000000000e+03 1.459686357576659710e-01
7.061000000000000000e+03 1.416956371884748878e-01
7.061946777343750000e+03 1.376526134271660318e-01
7.062000000000000000e+03 1.374169895627014581e-01
7.063000000000000000e+03 1.329902166781272155e-01
7.064000000000000000e+03 1.285675071257766922e-01
7.065000000000000000e+03 1.241476699087723651e-01
7.066000000000000000e+03 1.197307165523215922e-01
7.067000000000000000e+03 1.153166206402253952e-01
7.068000000000000000e+03 1.109053941586725378e-01
7.069000000000000000e+03 1.064970472534503138e-01
7.070000000000000000e+03 1.020915562698978402e-01
7.071000000000000000e+03 9.768896286067503543e-02
7.071949218750000000e+03 9.351181815690830235e-02
7.072000000000000000e+03 9.333148142087273336e-02
7.073000000000000000e+03 8.978225720768479023e-02
7.074000000000000000e+03 8.623534878561615880e-02
7.075000000000000000e+03 8.269073700656075221e-02
7.076000000000000000e+03 7.914843046387469438e-02
7.077000000000000000e+03 7.560843627260122046e-02
7.078000000000000000e+03 7.207073750285410141e-02
7.079000000000000000e+03 6.853534163929837775e-02
7.080000000000000000e+03 6.500225469093898201e-02
7.081000000000000000e+03 6.147093356863489455e-02
7.081952148437500000e+03 5.811127132455053829e-02
7.082000000000000000e+03 5.799732414216161869e-02
7.083000000000000000e+03 5.561687789472458121e-02
7.084000000000000000e+03 5.323797414485431645e-02
7.085000000000000000e+03 5.086061842539989220e-02
7.086000000000000000e+03 4.848481527679884134e-02
7.087000000000000000e+03 4.611055380558046896e-02
7.088000000000000000e+03 4.373783880031415633e-02
7.089000000000000000e+03 4.136667405893993538e-02
7.090000000000000000e+03 3.899670813155186461e-02
7.091000000000000000e+03 3.662867138738267608e-02
7.091954589843750000e+03 3.436960232185847647e-02
7.092000000000000000e+03 3.430419820739460945e-02
7.093000000000000000e+03 3.286439068119103440e-02
7.094000000000000000e+03 3.142552275788364213e-02
7.095000000000000000e+03 2.998758740899624617e-02
7.096000000000000000e+03 2.855058775152627751e-02
7.097000000000000000e+03 2.711452630240235306e-02
7.098000000000000000e+03 2.567917165039688282e-02
7.099000000000000000e+03 2.424498960525771352e-02
7.100000000000000000e+03 2.281174436779297154e-02
7.101000000000000000e+03 2.137943751095404063e-02
7.101957519531250000e+03 2.000885000831953420e-02
7.102000000000000000e+03 1.997361652447891475e-02
7.103000000000000000e+03 1.914449532289862546e-02
7.104000000000000000e+03 1.831591121765828792e-02
7.105000000000000000e+03 1.748786611382628989e-02
7.106000000000000000e+03 1.666036157061871401e-02
7.107000000000000000e+03 1.583325490070715616e-02
7.108000000000000000e+03 1.500683444422888820e-02
7.109000000000000000e+03 1.418095060645890165e-02
7.110000000000000000e+03 1.335560486042603086e-02
7.111000000000000000e+03 1.253080244354251756e-02
7.111959960937500000e+03 1.173952836230291591e-02
7.112000000000000000e+03 1.172085544767477623e-02
7.113000000000000000e+03 1.125464568111963874e-02
7.114000000000000000e+03 1.078874015777906911e-02
7.115000000000000000e+03 1.032313647274021341e-02
7.116000000000000000e+03 9.857749175768410962e-03
7.117000000000000000e+03 9.392756274662308891e-03
7.118000000000000000e+03 8.928065050142330178e-03
7.119000000000000000e+03 8.463676430583939869e-03
7.120000000000000000e+03 7.999591150310248963e-03
7.121000000000000000e+03 7.535807387285181624e-03
7.121962890625000000e+03 7.089520032017332558e-03
7.122000000000000000e+03 7.079504216003074286e-03
7.123000000000000000e+03 6.809696101491775552e-03
7.124000000000000000e+03 6.540005390480690961e-03
7.125000000000000000e+03 6.270550615720045864e-03
7.126000000000000000e+03 6.001270597624430367e-03
7.127000000000000000e+03 5.732165960771061670e-03
7.128000000000000000e+03 5.463237217271855149e-03
7.129000000000000000e+03 5.194483138030545066e-03
7.130000000000000000e+03 4.925904263278444231e-03
7.131000000000000000e+03 4.657502504462934095e-03
7.131965332031250000e+03 4.398571118115569833e-03
7.132000000000000000e+03 4.392938417795404053e-03
7.133000000000000000e+03 4.230480310879406423e-03
7.134000000000000000e+03 4.068166874666787579e-03
7.135000000000000000e+03 3.905958631453983892e-03
7.136000000000000000e+03 3.743855988040936753e-03
7.137000000000000000e+03 3.581859283467558625e-03
7.138000000000000000e+03 3.419967716401648393e-03
7.139000000000000000e+03 3.258181983489709128e-03
7.140000000000000000e+03 3.096501351080819565e-03
7.141000000000000000e+03 2.934901326688817667e-03
7.141968261718750000e+03 2.778557145722171384e-03
7.142000000000000000e+03 2.775455292345763939e-03
7.143000000000000000e+03 2.677755549301588135e-03
7.144000000000000000e+03 2.580119353034232565e-03
7.145000000000000000e+03 2.482546941849997271e-03
7.146000000000000000e+03 2.385037765038769322e-03
7.147000000000000000e+03 2.287592071112403043e-03
7.148000000000000000e+03 2.190210067838030492e-03
7.149000000000000000e+03 2.092891265643040486e-03
7.150000000000000000e+03 1.995618558773530702e-03
7.151000000000000000e+03 1.898428351806436161e-03
7.151970703125000000e+03 1.804146041016108223e-03
7.152000000000000000e+03 1.802380881620255877e-03
7.153000000000000000e+03 1.742150439992620715e-03
7.154000000000000000e+03 1.681958954305581714e-03
7.155000000000000000e+03 1.621806599979387729e-03
7.156000000000000000e+03 1.561693527279728192e-03
7.157000000000000000e+03 1.501619390110728704e-03
7.158000000000000000e+03 1.441571677376953572e-03
7.159000000000000000e+03 1.381576382707875184e-03
7.160000000000000000e+03 1.321620002835215482e-03
7.161000000000000000e+03 1.261703272835334490e-03
7.161973632812500000e+03 1.203403955717227388e-03
7.162000000000000000e+03 1.202384035463026314e-03
7.163000000000000000e+03 1.163715380771044097e-03
7.164000000000000000e+03 1.125071840510576343e-03
7.165000000000000000e+03 1.086453519969401765e-03
7.166000000000000000e+03 1.047850969477667109e-03
7.167000000000000000e+03 1.009283162512712414e-03
7.168000000000000000e+03 9.707403265946531155e-04
7.169000000000000000e+03 9.322225629832768794e-04
7.170000000000000000e+03 8.937299568235836968e-04
7.171000000000000000e+03 8.552623169307625294e-04
7.171976074218750000e+03 8.177392001570375898e-04
7.172000000000000000e+03 8.171392420238810092e-04
7.173000000000000000e+03 7.920718664210917590e-04
7.174000000000000000e+03 7.670206970721875003e-04
7.175000000000000000e+03 7.419792909529314851e-04
7.176000000000000000e+03 7.169609836299533061e-04
7.177000000000000000e+03 6.919588739591394375e-04
7.178000000000000000e+03 6.669730341552041223e-04
7.179000000000000000e+03 6.420035259775844433e-04
7.180000000000000000e+03 6.170502069783241920e-04
7.181000000000000000e+03 5.921132331326641211e-04
7.181979003906250000e+03 5.677156290576994800e-04
7.182000000000000000e+03 5.673654477337361675e-04
7.183000000000000000e+03 5.506876767687207165e-04
7.184000000000000000e+03 5.340257892726702621e-04
7.185000000000000000e+03 5.173746791721140804e-04
7.186000000000000000e+03 5.007344004941965835e-04
7.187000000000000000e+03 4.841050003020651500e-04
7.188000000000000000e+03 4.674863718717342824e-04
7.189000000000000000e+03 4.508785640075166226e-04
7.190000000000000000e+03 4.342816185622272755e-04
7.191000000000000000e+03 4.176955119638223472e-04
7.191981933593750000e+03 4.014161027620432665e-04
7.192000000000000000e+03 4.012153781083896095e-04
7.193000000000000000e+03 3.901122439966655587e-04
7.194000000000000000e+03 3.790162861880579299e-04
7.195000000000000000e+03 3.679275442825013826e-04
7.196000000000000000e+03 3.568460532385045523e-04
7.197000000000000000e+03 3.457717347493662009e-04
7.198000000000000000e+03 3.347046249340604050e-04
7.199000000000000000e+03 3.236447552784619446e-04
7.200000000000000000e+03 3.125893044228091706e-04
7.201000000000000000e+03 3.015440766689462550e-04
7.201984375000000000e+03 2.906784193079366770e-04
7.202000000000000000e+03 2.905569171459869513e-04
7.203000000000000000e+03 2.827833439604744074e-04
7.204000000000000000e+03 2.750148498793545206e-04
7.205000000000000000e+03 2.672513747944900734e-04
7.206000000000000000e+03 2.594929466412585471e-04
7.207000000000000000e+03 2.517395901066354956e-04
7.208000000000000000e+03 2.439891029905614302e-04
7.209000000000000000e+03 2.362458728056090898e-04
7.210000000000000000e+03 2.285077067202982758e-04
7.211000000000000000e+03 2.207746270191628796e-04
7.211987304687500000e+03 2.131446574919144195e-04
7.212000000000000000e+03 2.130745598088632192e-04
7.213000000000000000e+03 2.075548567524727168e-04
7.214000000000000000e+03 2.020387165884821620e-04
7.215000000000000000e+03 1.965261810367722518e-04
7.216000000000000000e+03 1.910172071449902655e-04
7.217000000000000000e+03 1.855101821010467027e-04
7.218000000000000000e+03 1.800084375290170332e-04
7.219000000000000000e+03 1.745102527383895509e-04
7.220000000000000000e+03 1.690156459742992595e-04
7.221000000000000000e+03 1.635246870114056791e-04
7.221989746093750000e+03 1.580935315810578915e-04
7.222000000000000000e+03 1.580520618426599236e-04
7.223000000000000000e+03 1.540091016546257796e-04
7.224000000000000000e+03 1.499687830276822157e-04
7.225000000000000000e+03 1.459297885339454334e-04
7.226000000000000000e+03 1.418947531968780705e-04
7.227000000000000000e+03 1.378623257690298506e-04
7.228000000000000000e+03 1.338325206713452200e-04
7.229000000000000000e+03 1.298053506364817448e-04
7.230000000000000000e+03 1.257807871591376547e-04
7.231000000000000000e+03 1.217540454484243345e-04
7.231992675781250000e+03 1.177597121107165266e-04
7.232000000000000000e+03 1.177399077908869820e-04
7.233000000000000000e+03 1.150359227546398955e-04
7.234000000000000000e+03 1.123349396047754536e-04
7.235000000000000000e+03 1.096359323292148244e-04
7.236000000000000000e+03 1.069388768720998993e-04
7.237000000000000000e+03 1.042437842231030124e-04
7.238000000000000000e+03 1.015506642427166861e-04
7.239000000000000000e+03 9.885949456980037953e-05
7.240000000000000000e+03 9.617028534732910796e-05
7.241000000000000000e+03 9.348307548016575026e-05
7.241995117187500000e+03 9.081012365833927131e-05
7.242000000000000000e+03 9.079964808667938378e-05
7.243000000000000000e+03 8.865584378771145229e-05
7.244000000000000000e+03 8.651358925208106523e-05
7.245000000000000000e+03 8.437289337644100556e-05
7.246000000000000000e+03 8.223376416036327961e-05
7.247000000000000000e+03 8.009618350959354818e-05
7.248000000000000000e+03 7.796015964812226962e-05
7.249000000000000000e+03 7.582569990467719718e-05
7.250000000000000000e+03 7.369213833217968038e-05
7.251000000000000000e+03 7.156082321663399283e-05
7.251998046875000000e+03 6.943522643059370496e-05
7.252000000000000000e+03 6.943230063441091569e-05
7.253000000000000000e+03 6.793483103760337408e-05
7.254000000000000000e+03 6.643844968687004674e-05
7.255000000000000000e+03 6.494316295903449561e-05
7.256000000000000000e+03 6.344895663887119351e-05
7.257000000000000000e+03 6.195583726009298799e-05
7.258000000000000000e+03 6.046381073053639559e-05
7.259000000000000000e+03 5.897234412496764778e-05
7.260000000000000000e+03 5.748250195143429813e-05
7.261000000000000000e+03 5.599375724344286099e-05
7.262000000000000000e+03 5.450609631626145406e-05
7.262000488281250000e+03 5.450537018676999870e-05
7.263000000000000000e+03 5.313592639622839758e-05
7.264000000000000000e+03 5.176680498897366471e-05
7.265000000000000000e+03 5.039868052849462790e-05
7.266000000000000000e+03 4.903155776072796979e-05
7.267000000000000000e+03 4.766500575081339142e-05
7.268000000000000000e+03 4.629988161790689111e-05
7.269000000000000000e+03 4.493575754546097457e-05
7.270000000000000000e+03 4.357262356223062750e-05
7.271000000000000000e+03 4.221050459655958161e-05
7.272000000000000000e+03 4.084938275030613471e-05
7.272003417968750000e+03 4.084473216531230965e-05
7.273000000000000000e+03 4.004391484683394488e-05
7.274000000000000000e+03 3.924093319999469331e-05
7.275000000000000000e+03 3.843853857938477146e-05
7.276000000000000000e+03 3.763639080330485475e-05
7.277000000000000000e+03 3.683516827242233849e-05
7.278000000000000000e+03 3.603452408166653352e-05
7.279000000000000000e+03 3.523446194863448440e-05
7.280000000000000000e+03 3.443498525537706963e-05
7.281000000000000000e+03 3.363608090986631207e-05
7.282000000000000000e+03 3.283775818837479898e-05
7.282005859375000000e+03 3.283308224987528174e-05
7.283000000000000000e+03 3.231571335683141471e-05
7.284000000000000000e+03 3.179538738607288242e-05
7.285000000000000000e+03 3.127572336991506219e-05
7.286000000000000000e+03 3.075643944327664353e-05
7.287000000000000000e+03 3.023752894376074171e-05
7.288000000000000000e+03 2.971899500420100988e-05
7.289000000000000000e+03 2.920084053998097575e-05
7.290000000000000000e+03 2.868305921505949458e-05
7.291000000000000000e+03 2.816566160303703663e-05
7.292000000000000000e+03 2.764863676816078998e-05
7.292008789062500000e+03 2.764409212718105846e-05
7.293000000000000000e+03 2.720018454172299152e-05
7.294000000000000000e+03 2.675291069257818336e-05
7.295000000000000000e+03 2.630595852696019984e-05
7.296000000000000000e+03 2.585933077134595603e-05
7.297000000000000000e+03 2.541302996487826421e-05
7.298000000000000000e+03 2.496705059404490411e-05
